area,desc
